1#1#100,200,300,301,302,303,800,801
1#2#100,200,301,304,305,306,800,802
1#3#100,200,301,307,308,309,800,801
1#4#101,200,304,310,311
1#5#100,200,304,306,312,313,800,802
1#6#102,200,304,310,314
1#7#100,200,301,304,305,306,800,802
1#8#101,200,304,311,315
1#9#100,200,304,306,312,313,800,802
1#10#101,200,300,316,317
1#11#102,200,304,314,315
1#12#101,201,300,317,318
1#13#101,200,307,321,322
1#14#100,200,300,313,319,320,800,801
1#15#101,200,307,322,323
1#16#100,200,307,324,325,326,800,801
1#17#101,201,307,327,328
1#18#100,201,307,329,330,331,800,801
1#19#102,200,307,321,332
1#20#102,200,300,314,316
1#21#100,200,301,304,330,333,802,803
1#22#102,200,307,323,332
1#23#101,202,304,321,332
1#24#102,200,300,314,318
1#25#102,200,307,327,332
1#26#100,200,304,313,333,334,802,804
1#27#102,200,304,314,321
1#28#100,200,301,304,330,333,802,803
1#29#101,200,304,323,332
1#30#100,203,304,313,333,334,802,804
2#1#100,200,300,301,302,303,800,801
2#2#100,200,301,304,305,306,800,802
2#3#100,200,301,307,308,309,800,801
2#4#101,200,304,310,311
2#5#100,201,304,306,312,313,800,802
2#6#102,200,304,310,314
2#7#100,200,301,304,305,306,800,802
2#8#101,200,304,311,315
2#9#100,200,304,306,312,313,800,802
2#10#101,200,300,316,317
2#11#102,200,304,314,315
2#12#101,200,300,317,318
2#13#101,200,307,321,322
2#14#100,200,300,313,319,320,800,801
2#15#101,202,307,322,323
2#16#100,200,307,324,325,326,800,801
2#17#101,202,307,327,328
2#18#102,200,300,314,316
2#19#100,200,301,304,330,333,802,804
2#20#100,201,307,329,330,331,800,801
2#21#102,200,300,314,318
2#22#102,200,307,321,332
2#23#102,200,307,323,332
2#24#101,200,304,321,332
2#25#100,203,304,313,333,334,802,804
2#26#102,200,307,327,332
3#1#100,200,300,301,302,303,800,801
3#2#100,200,301,304,305,306,800,802
3#3#100,200,301,307,308,309,800,801
3#4#101,200,304,310,311
3#5#100,200,304,306,312,313,800,802
3#6#102,200,304,310,314
3#7#100,200,301,304,305,306,800,802
3#8#101,200,304,311,315
3#9#100,200,304,306,312,313,800,802
3#10#101,200,300,316,317
3#11#102,200,304,314,315
3#12#101,200,300,317,318
3#13#101,201,307,321,322
3#14#100,200,300,313,319,320,800,801
3#15#101,201,307,322,323
3#16#100,200,307,324,325,326,800,801
3#17#101,200,307,327,328
3#18#100,200,307,329,330,331,800,801
3#19#102,200,307,321,332
3#20#102,200,300,314,316
3#21#100,203,301,304,330,333,802,804
3#22#102,201,307,323,332
3#23#102,200,300,314,318
3#24#102,200,307,327,332
4#1#100,200,300,301,302,303,800,801
4#2#100,200,301,304,305,306,800,802
4#3#100,200,301,307,308,309,800,801
4#4#101,200,304,310,311
4#5#100,200,304,306,312,313,800,802
4#6#102,200,304,310,314
4#7#100,200,301,304,305,306,800,802
4#8#101,200,304,311,315
4#9#100,200,304,306,312,313,800,802
4#10#101,200,300,316,317
4#11#102,200,304,314,315
4#12#101,200,300,317,318
4#13#101,200,307,321,322
4#14#100,201,300,313,319,320,800,801
4#15#101,200,307,322,323
4#16#100,201,307,324,325,326,800,801
4#17#101,200,307,327,328
4#18#100,200,307,329,330,331,800,801
4#19#102,200,307,321,332
4#20#100,203,301,304,330,333,802,804
4#21#102,200,307,323,332
4#22#102,200,300,314,316
4#23#102,200,307,327,332
4#24#102,200,300,314,318
5#1#100,200,300,301,302,303,800,801
5#2#100,200,301,304,305,306,800,802
5#3#100,200,301,307,308,309,800,801
5#4#101,200,304,310,311
5#5#100,200,304,306,312,313,800,802
5#6#102,200,304,310,314
5#7#100,200,301,304,305,306,800,802
5#8#101,200,304,311,315
5#9#100,200,304,306,312,313,800,802
5#10#101,200,300,316,317
5#11#102,200,304,314,315
5#12#101,201,300,317,318
5#13#101,200,307,321,322
5#14#100,200,300,313,319,320,800,801
5#15#101,200,307,322,323
5#16#100,202,307,324,325,326,800,801
5#17#102,201,300,314,316
5#18#100,200,301,304,330,333,802,804
5#19#101,200,307,327,328
5#20#102,200,300,314,318
5#21#100,200,307,329,330,331,801,803
5#22#102,200,307,321,332
5#23#102,200,307,323,332
5#24#101,200,304,321,332
5#25#100,200,304,313,333,334,802,804
5#26#102,201,307,327,332
5#27#102,200,304,314,321
5#28#100,200,301,304,330,333,802,805
5#29#101,200,304,323,332
5#30#100,203,304,313,333,334,802,804
6#1#100,200,300,301,302,303,800,801
6#2#100,200,301,304,305,306,800,802
6#3#100,200,301,307,308,309,800,801
6#4#101,200,304,310,311
6#5#100,200,304,306,312,313,800,802
6#6#102,200,304,310,314
6#7#100,200,301,304,305,306,800,802
6#8#101,200,304,311,315
6#9#100,201,304,306,312,313,800,802
6#10#101,200,300,316,317
6#11#102,200,304,314,315
6#12#101,200,300,317,318
6#13#101,200,307,321,322
6#14#100,201,300,313,319,320,800,801
6#15#101,201,307,322,323
6#16#100,202,307,324,325,326,800,801
6#17#100,200,301,304,330,333,802,804
6#18#101,200,307,327,328
6#19#102,200,300,314,316
6#20#100,200,307,329,330,331,800,801
6#21#102,200,300,314,318
6#22#102,200,307,321,332
6#23#102,200,307,323,332
6#24#101,200,304,321,332
6#25#100,200,304,313,333,334,802,803
6#26#102,200,307,327,332
6#27#102,201,304,314,321
6#28#100,200,301,304,330,333,802,805
6#29#101,200,304,323,332
6#30#100,200,304,313,333,334,802,804
6#31#102,200,304,314,323
6#32#100,203,301,304,330,333,802,805
7#1#100,200,300,301,302,303,800,801
7#2#100,200,301,304,305,306,800,802
7#3#100,200,301,307,308,309,800,801
7#4#101,200,304,310,311
7#5#100,200,304,306,312,313,800,802
7#6#102,200,304,310,314
7#7#100,200,301,304,305,306,800,802
7#8#101,200,304,311,315
7#9#100,200,304,306,312,313,800,802
7#10#101,200,300,316,317
7#11#102,200,304,314,315
7#12#101,200,300,317,318
7#13#101,200,307,321,322
7#14#100,200,300,313,319,320,800,801
7#15#101,200,307,322,323
7#16#100,200,307,324,325,326,800,801
7#17#101,200,307,327,328
7#18#100,200,307,329,330,331,800,801
7#19#102,200,307,321,332
7#20#102,200,300,314,316
7#21#102,200,307,323,332
7#22#100,203,301,304,330,333,802,804
7#23#102,200,300,314,318
7#24#102,200,307,327,332
8#1#100,200,300,301,302,303,800,801
8#2#100,200,301,304,305,306,800,802
8#3#100,201,301,307,308,309,800,801
8#4#101,200,304,310,311
8#5#100,200,304,306,312,313,800,802
8#6#102,200,304,310,314
8#7#100,200,301,304,305,306,800,802
8#8#101,200,304,311,315
8#9#100,200,304,306,312,313,800,802
8#10#101,200,300,316,317
8#11#102,200,304,314,315
8#12#101,200,300,317,318
8#13#100,200,300,313,319,320,800,801
8#14#101,200,307,321,322
8#15#101,200,307,322,323
8#16#100,200,307,324,325,326,800,801
8#17#101,201,307,327,328
8#18#100,200,307,329,330,331,800,801
8#19#102,200,307,321,332
8#20#102,200,300,314,316
8#21#100,203,301,304,330,333,802,803
8#22#102,200,307,323,332
8#23#102,200,300,314,318
8#24#102,201,307,327,332
9#1#100,200,300,301,302,303,800,801
9#2#100,201,301,304,305,306,800,802
9#3#100,200,301,307,308,309,800,801
9#4#101,201,304,310,311
9#5#100,200,304,306,312,313,800,802
9#6#102,200,304,310,314
9#7#100,200,301,304,305,306,800,802
9#8#101,200,304,311,315
9#9#100,200,304,306,312,313,800,802
9#10#101,200,300,316,317
9#11#102,200,304,314,315
9#12#101,200,300,317,318
9#13#101,201,307,321,322
9#14#100,200,300,313,319,320,800,801
9#15#101,200,307,322,323
9#16#100,201,307,324,325,326,800,801
9#17#101,200,307,327,328
9#18#100,200,307,329,330,331,800,801
9#19#102,200,307,321,332
9#20#102,200,300,314,316
9#21#100,200,301,304,330,333,802,804
9#22#102,201,307,323,332
9#23#101,200,304,321,332
9#24#102,200,300,314,318
9#25#102,200,307,327,332
9#26#100,200,304,313,333,334,802,803
9#27#102,201,304,314,321
9#28#100,200,301,304,330,333,802,803
9#29#101,200,304,323,332
9#30#100,200,304,313,333,334,802,803
9#31#102,201,304,314,323
9#32#100,203,301,304,330,333,802,804
10#1#100,200,300,301,302,303,800,801
10#2#100,200,301,304,305,306,800,802
10#3#100,200,301,307,308,309,800,801
10#4#101,200,304,310,311
10#5#100,200,304,306,312,313,800,802
10#6#102,200,304,310,314
10#7#100,200,301,304,305,306,800,802
10#8#101,200,304,311,315
10#9#100,200,304,306,312,313,800,802
10#10#101,200,300,316,317
10#11#102,200,304,314,315
10#12#101,200,300,317,318
10#13#101,200,307,321,322
10#14#100,200,300,313,319,320,800,801
10#15#101,200,307,322,323
10#16#100,200,307,324,325,326,800,801
10#17#101,200,307,327,328
10#18#100,200,307,329,330,331,800,801
10#19#102,200,307,321,332
10#20#102,201,300,314,316
10#21#102,200,307,323,332
10#22#100,200,301,304,330,333,802,803
10#23#101,200,304,321,332
10#24#102,200,300,314,318
10#25#102,200,307,327,332
10#26#100,203,304,313,333,334,802,803
11#1#100,200,300,301,302,303,800,801
11#2#100,200,301,304,305,306,800,802
11#3#100,200,301,307,308,309,800,801
11#4#101,200,304,310,311
11#5#100,200,304,306,312,313,800,802
11#6#102,200,304,310,314
11#7#100,200,301,304,305,306,800,802
11#8#101,200,304,311,315
11#9#100,200,304,306,312,313,800,802
11#10#101,200,300,316,317
11#11#102,200,304,314,315
11#12#101,201,300,317,318
11#13#101,201,307,321,322
11#14#100,200,300,313,319,320,800,801
11#15#101,201,307,322,323
11#16#100,200,307,324,325,326,800,801
11#17#101,200,307,327,328
11#18#100,200,307,329,330,331,800,801
11#19#102,200,307,321,332
11#20#102,200,300,314,316
11#21#100,200,301,304,330,333,802,803
11#22#102,200,307,323,332
11#23#101,200,304,321,332
11#24#102,200,300,314,318
11#25#102,200,307,327,332
11#26#100,203,304,313,333,334,802,803
12#1#100,200,300,301,302,303,800,801
12#2#100,200,301,304,305,306,800,802
12#3#100,200,301,307,308,309,800,801
12#4#101,200,304,310,311
12#5#100,200,304,306,312,313,800,802
12#6#102,200,304,310,314
12#7#100,200,301,304,305,306,800,802
12#8#101,200,304,311,315
12#9#100,200,304,306,312,313,800,802
12#10#101,200,300,316,317
12#11#102,200,304,314,315
12#12#101,200,300,317,318
12#13#101,201,307,321,322
12#14#100,201,300,313,319,320,800,801
12#15#101,200,307,322,323
12#16#100,201,307,324,325,326,800,801
12#17#101,201,307,327,328
12#18#100,200,307,329,330,331,800,801
12#19#102,200,307,321,332
12#20#100,200,301,304,330,333,802,803
12#21#102,200,307,323,332
12#22#102,200,300,314,316
12#23#101,200,304,321,332
12#24#102,200,307,327,332
12#25#102,200,300,314,318
12#26#100,200,304,313,333,334,802,803
12#27#102,200,304,314,321
12#28#100,200,301,304,330,333,802,804
12#29#101,200,304,323,332
12#30#100,200,304,313,333,334,802,803
12#31#102,200,304,314,323
12#32#100,203,301,304,330,333,802,804
13#1#100,200,300,301,302,303,800,801
13#2#100,200,301,304,305,306,800,802
13#3#100,201,301,307,308,309,800,801
13#4#101,200,304,310,311
13#5#100,200,304,306,312,313,800,802
13#6#102,200,304,310,314
13#7#100,200,301,304,305,306,800,802
13#8#101,200,304,311,315
13#9#100,200,304,306,312,313,800,802
13#10#101,200,300,316,317
13#11#102,200,304,314,315
13#12#101,200,300,317,318
13#13#100,200,300,313,319,320,800,801
13#14#101,200,307,321,322
13#15#101,200,307,322,323
13#16#100,202,307,324,325,326,800,801
13#17#102,200,300,314,316
13#18#100,200,301,304,330,333,802,803
13#19#101,200,307,327,328
13#20#102,200,300,314,318
13#21#100,200,307,329,330,331,801,803
13#22#102,200,307,321,332
13#23#102,200,307,323,332
13#24#101,200,304,321,332
13#25#100,200,304,313,333,334,802,803
13#26#102,201,307,327,332
13#27#102,200,304,314,321
13#28#100,203,301,304,330,333,802,804
14#1#100,200,300,301,302,303,800,801
14#2#100,200,301,304,305,306,800,802
14#3#100,200,301,307,308,309,800,801
14#4#101,200,304,310,311
14#5#100,200,304,306,312,313,800,802
14#6#102,200,304,310,314
14#7#100,200,301,304,305,306,800,802
14#8#101,200,304,311,315
14#9#100,200,304,306,312,313,800,802
14#10#101,200,300,316,317
14#11#102,200,304,314,315
14#12#101,200,300,317,318
14#13#101,200,307,321,322
14#14#100,200,300,313,319,320,800,801
14#15#101,201,307,322,323
14#16#100,200,307,324,325,326,800,801
14#17#101,200,307,327,328
14#18#100,202,307,329,330,331,800,801
14#19#102,200,300,314,316
14#20#100,200,301,304,330,333,802,804
14#21#102,201,300,314,318
14#22#102,201,307,321,332
14#23#102,200,307,323,332
14#24#101,200,304,321,332
14#25#100,201,304,313,333,334,802,803
14#26#102,200,307,327,332
14#27#102,200,304,314,321
14#28#100,200,301,304,330,333,802,805
14#29#101,200,304,323,332
14#30#100,200,304,313,333,334,802,803
14#31#102,200,304,314,323
14#32#100,203,301,304,330,333,802,805
15#1#100,200,300,301,302,303,800,801
15#2#100,200,301,304,305,306,800,802
15#3#100,200,301,307,308,309,800,801
15#4#101,200,304,310,311
15#5#100,200,304,306,312,313,800,802
15#6#102,200,304,310,314
15#7#100,200,301,304,305,306,800,802
15#8#101,200,304,311,315
15#9#100,200,304,306,312,313,800,802
15#10#101,201,300,316,317
15#11#102,201,304,314,315
15#12#101,200,300,317,318
15#13#101,201,307,321,322
15#14#100,200,300,313,319,320,800,801
15#15#101,201,307,322,323
15#16#100,201,307,324,325,326,800,801
15#17#101,200,307,327,328
15#18#100,200,307,329,330,331,800,801
15#19#102,200,307,321,332
15#20#102,200,300,314,316
15#21#100,200,301,304,330,333,802,804
15#22#102,200,307,323,332
15#23#101,200,304,321,332
15#24#102,200,300,314,318
15#25#102,200,307,327,332
15#26#100,200,304,313,333,334,802,803
15#27#102,200,304,314,321
15#28#100,200,301,304,330,333,802,804
15#29#101,200,304,323,332
15#30#100,201,304,313,333,334,802,803
15#31#102,200,304,314,323
15#32#100,200,301,304,330,333,802,804
15#33#101,200,304,327,332
15#34#100,203,304,313,333,334,802,804
16#1#100,200,300,301,302,303,800,801
16#2#100,200,301,304,305,306,800,802
16#3#100,200,301,307,308,309,800,801
16#4#101,200,304,310,311
16#5#100,200,304,306,312,313,800,802
16#6#102,200,304,310,314
16#7#100,200,301,304,305,306,800,802
16#8#101,200,304,311,315
16#9#100,200,304,306,312,313,800,802
16#10#101,200,300,316,317
16#11#102,200,304,314,315
16#12#101,202,300,317,318
16#13#101,200,307,321,322
16#14#101,201,307,322,323
16#15#100,201,307,324,325,326,800,801
16#16#100,200,300,313,319,320,800,801
16#17#101,202,307,327,328
16#18#100,200,307,329,330,331,800,801
16#19#100,200,301,304,330,333,802,803
16#20#102,200,307,321,332
16#21#102,200,300,314,316
16#22#102,200,307,323,332
16#23#101,200,304,321,332
16#24#102,200,300,314,318
16#25#100,203,304,313,333,334,802,803
16#26#102,200,307,327,332
17#1#100,200,300,301,302,303,800,801
17#2#100,200,301,304,305,306,800,802
17#3#100,201,301,307,308,309,800,801
17#4#101,200,304,310,311
17#5#100,200,304,306,312,313,800,802
17#6#102,200,304,310,314
17#7#100,200,301,304,305,306,800,802
17#8#101,200,304,311,315
17#9#100,200,304,306,312,313,800,802
17#10#101,200,300,316,317
17#11#102,200,304,314,315
17#12#101,201,300,317,318
17#13#100,200,300,313,319,320,800,801
17#14#101,201,307,321,322
17#15#101,201,307,322,323
17#16#100,202,307,324,325,326,800,801
17#17#102,200,300,314,316
17#18#100,203,301,304,330,333,802,804
17#19#101,200,307,327,328
17#20#102,200,300,314,318
17#21#100,200,307,329,330,331,801,803
17#22#102,201,307,321,332
17#23#102,200,307,323,332
17#24#102,200,307,327,332
18#1#100,200,300,301,302,303,800,801
18#2#100,200,301,304,305,306,800,802
18#3#100,200,301,307,308,309,800,801
18#4#101,201,304,310,311
18#5#100,200,304,306,312,313,800,802
18#6#102,200,304,310,314
18#7#100,200,301,304,305,306,800,802
18#8#101,200,304,311,315
18#9#100,200,304,306,312,313,800,802
18#10#101,200,300,316,317
18#11#102,200,304,314,315
18#12#101,200,300,317,318
18#13#101,200,307,321,322
18#14#100,200,300,313,319,320,800,801
18#15#101,200,307,322,323
18#16#100,202,307,324,325,326,800,801
18#17#102,200,300,314,316
18#18#100,200,301,304,330,333,802,804
18#19#101,200,307,327,328
18#20#102,200,300,314,318
18#21#100,200,307,329,330,331,801,803
18#22#102,200,307,321,332
18#23#102,200,307,323,332
18#24#101,200,304,321,332
18#25#100,200,304,313,333,334,802,803
18#26#102,200,307,327,332
18#27#102,200,304,314,321
18#28#100,203,301,304,330,333,802,804
19#1#100,200,300,301,302,303,800,801
19#2#100,200,301,304,305,306,800,802
19#3#100,200,301,307,308,309,800,801
19#4#101,200,304,310,311
19#5#100,200,304,306,312,313,800,802
19#6#102,200,304,310,314
19#7#100,200,301,304,305,306,800,802
19#8#101,202,304,311,315
19#9#101,200,300,316,317
19#10#100,200,304,306,312,313,802,803
19#11#101,200,300,317,318
19#12#101,200,307,321,322
19#13#100,200,300,313,319,320,800,801
19#14#102,200,304,314,315
19#15#101,200,307,322,323
19#16#100,201,307,324,325,326,800,801
19#17#101,200,307,327,328
19#18#100,200,307,329,330,331,800,801
19#19#102,200,307,321,332
19#20#102,200,300,314,316
19#21#100,203,301,304,330,333,802,803
19#22#102,200,307,323,332
19#23#102,200,300,314,318
19#24#102,200,307,327,332
20#1#100,200,300,301,302,303,800,801
20#2#100,200,301,304,305,306,800,802
20#3#100,200,301,307,308,309,800,801
20#4#101,200,304,310,311
20#5#100,200,304,306,312,313,800,802
20#6#102,200,304,310,314
20#7#100,200,301,304,305,306,800,802
20#8#101,200,304,311,315
20#9#100,200,304,306,312,313,800,802
20#10#101,200,300,316,317
20#11#102,200,304,314,315
20#12#101,201,300,317,318
20#13#101,200,307,321,322
20#14#100,200,300,313,319,320,800,801
20#15#101,200,307,322,323
20#16#100,201,307,324,325,326,800,801
20#17#101,200,307,327,328
20#18#100,200,307,329,330,331,800,801
20#19#102,200,307,321,332
20#20#102,200,300,314,316
20#21#100,203,301,304,330,333,802,804
20#22#102,200,307,323,332
20#23#102,200,300,314,318
20#24#102,200,307,327,332
21#1#100,200,300,301,302,303,800,801
21#2#100,200,301,304,305,306,800,802
21#3#100,200,301,307,308,309,800,801
21#4#101,200,304,310,311
21#5#100,202,304,306,312,313,800,802
21#6#102,200,304,310,314
21#7#100,200,301,304,305,306,802,803
21#8#101,200,300,316,317
21#9#101,200,304,311,315
21#10#101,200,300,317,318
21#11#101,201,307,321,322
21#12#100,200,304,306,312,313,802,803
21#13#100,200,300,313,319,320,800,801
21#14#101,200,307,322,323
21#15#102,200,304,314,315
21#16#100,200,307,324,325,326,800,801
21#17#101,200,307,327,328
21#18#100,200,307,329,330,331,800,801
21#19#102,200,307,321,332
21#20#102,200,300,314,316
21#21#100,200,301,304,330,333,802,804
21#22#102,200,307,323,332
21#23#101,200,304,321,332
21#24#102,200,300,314,318
21#25#102,202,307,327,332
21#26#100,200,304,313,333,334,802,803
21#27#102,200,304,314,321
21#28#100,200,301,304,330,333,802,805
21#29#101,201,304,323,332
21#30#100,200,304,313,333,334,802,803
21#31#102,200,304,314,323
21#32#100,203,301,304,330,333,802,805
22#1#100,200,300,301,302,303,800,801
22#2#100,200,301,304,305,306,800,802
22#3#100,200,301,307,308,309,800,801
22#4#101,200,304,310,311
22#5#100,200,304,306,312,313,800,802
22#6#102,200,304,310,314
22#7#100,200,301,304,305,306,800,802
22#8#101,200,304,311,315
22#9#100,200,304,306,312,313,800,802
22#10#101,200,300,316,317
22#11#102,200,304,314,315
22#12#101,200,300,317,318
22#13#101,201,307,321,322
22#14#100,200,300,313,319,320,800,801
22#15#101,200,307,322,323
22#16#100,201,307,324,325,326,800,801
22#17#101,200,307,327,328
22#18#100,200,307,329,330,331,800,801
22#19#102,200,307,321,332
22#20#102,200,300,314,316
22#21#100,200,301,304,330,333,802,804
22#22#102,200,307,323,332
22#23#101,200,304,321,332
22#24#102,200,300,314,318
22#25#102,200,307,327,332
22#26#100,202,304,313,333,334,802,803
22#27#102,200,304,314,321
22#28#100,200,301,304,330,333,802,804
22#29#101,200,304,323,332
22#30#100,200,304,313,333,334,802,803
22#31#102,200,304,314,323
22#32#100,203,301,304,330,333,802,804
23#1#100,201,300,301,302,303,800,801
23#2#100,200,301,304,305,306,800,802
23#3#100,200,301,307,308,309,800,801
23#4#101,200,304,310,311
23#5#100,200,304,306,312,313,800,802
23#6#102,200,304,310,314
23#7#100,200,301,304,305,306,800,802
23#8#101,200,304,311,315
23#9#100,200,304,306,312,313,800,802
23#10#102,201,304,314,315
23#11#101,200,300,316,317
23#12#101,200,300,317,318
23#13#101,200,307,321,322
23#14#100,200,300,313,319,320,800,801
23#15#101,201,307,322,323
23#16#100,200,307,324,325,326,800,801
23#17#101,200,307,327,328
23#18#100,200,307,329,330,331,800,801
23#19#102,200,307,321,332
23#20#100,200,301,304,330,333,802,804
23#21#102,200,307,323,332
23#22#102,200,300,314,316
23#23#101,200,304,321,332
23#24#102,200,307,327,332
23#25#102,200,300,314,318
23#26#100,200,304,313,333,334,802,803
23#27#102,200,304,314,321
23#28#100,203,301,304,330,333,802,804
24#1#100,200,300,301,302,303,800,801
24#2#100,200,301,304,305,306,800,802
24#3#100,200,301,307,308,309,800,801
24#4#101,201,304,310,311
24#5#100,200,304,306,312,313,800,802
24#6#102,200,304,310,314
24#7#100,200,301,304,305,306,800,802
24#8#101,200,304,311,315
24#9#100,200,304,306,312,313,800,802
24#10#101,200,300,316,317
24#11#102,200,304,314,315
24#12#101,200,300,317,318
24#13#101,200,307,321,322
24#14#100,200,300,313,319,320,800,801
24#15#101,200,307,322,323
24#16#100,200,307,324,325,326,800,801
24#17#101,200,307,327,328
24#18#100,200,307,329,330,331,800,801
24#19#102,200,307,321,332
24#20#102,201,300,314,316
24#21#102,200,307,323,332
24#22#100,200,301,304,330,333,802,803
24#23#101,200,304,321,332
24#24#102,200,300,314,318
24#25#102,200,307,327,332
24#26#100,200,304,313,333,334,802,803
24#27#102,200,304,314,321
24#28#100,201,301,304,330,333,802,804
24#29#101,200,304,323,332
24#30#100,200,304,313,333,334,802,803
24#31#102,200,304,314,323
24#32#100,203,301,304,330,333,802,804
25#1#100,200,300,301,302,303,800,801
25#2#100,201,301,304,305,306,800,802
25#3#100,202,301,307,308,309,800,801
25#4#101,200,304,310,311
25#5#100,200,304,306,312,313,800,802
25#6#102,200,304,310,314
25#7#100,201,301,304,305,306,800,802
25#8#101,200,304,311,315
25#9#100,201,304,306,312,313,800,802
25#10#101,200,300,316,317
25#11#102,200,304,314,315
25#12#101,200,300,317,318
25#13#100,201,300,313,319,320,800,801
25#14#100,200,301,304,330,333,802,803
25#15#102,200,300,314,316
25#16#102,200,300,314,318
25#17#101,200,307,321,322
25#18#101,201,307,322,323
25#19#100,200,307,324,325,326,800,801
25#20#101,200,307,327,328
25#21#100,200,307,329,330,331,801,804
25#22#102,200,307,321,332
25#23#102,200,307,323,332
25#24#101,200,304,321,332
25#25#100,200,304,313,333,334,802,804
25#26#102,200,307,327,332
25#27#102,200,304,314,321
25#28#100,200,301,304,330,333,802,805
25#29#101,200,304,323,332
25#30#100,203,304,313,333,334,802,804
26#1#100,200,300,301,302,303,800,801
26#2#100,200,301,304,305,306,800,802
26#3#100,200,301,307,308,309,800,801
26#4#101,200,304,310,311
26#5#100,200,304,306,312,313,800,802
26#6#102,200,304,310,314
26#7#100,200,301,304,305,306,800,802
26#8#101,200,304,311,315
26#9#100,200,304,306,312,313,800,802
26#10#101,201,300,316,317
26#11#102,200,304,314,315
26#12#101,200,300,317,318
26#13#101,200,307,321,322
26#14#100,200,300,313,319,320,800,801
26#15#101,200,307,322,323
26#16#100,201,307,324,325,326,800,801
26#17#101,200,307,327,328
26#18#100,200,307,329,330,331,800,801
26#19#102,201,307,321,332
26#20#102,200,300,314,316
26#21#100,200,301,304,330,333,802,804
26#22#102,200,307,323,332
26#23#101,200,304,321,332
26#24#102,200,300,314,318
26#25#102,200,307,327,332
26#26#100,200,304,313,333,334,802,803
26#27#102,200,304,314,321
26#28#100,203,301,304,330,333,802,804
27#1#100,200,300,301,302,303,800,801
27#2#100,200,301,304,305,306,800,802
27#3#100,200,301,307,308,309,800,801
27#4#101,200,304,310,311
27#5#100,200,304,306,312,313,800,802
27#6#102,200,304,310,314
27#7#100,200,301,304,305,306,800,802
27#8#101,200,304,311,315
27#9#100,200,304,306,312,313,800,802
27#10#101,200,300,316,317
27#11#102,200,304,314,315
27#12#101,200,300,317,318
27#13#101,200,307,321,322
27#14#100,200,300,313,319,320,800,801
27#15#101,200,307,322,323
27#16#100,200,307,324,325,326,800,801
27#17#101,201,307,327,328
27#18#100,200,307,329,330,331,800,801
27#19#102,200,307,321,332
27#20#102,201,300,314,316
27#21#100,203,301,304,330,333,802,803
27#22#102,201,307,323,332
27#23#102,200,300,314,318
27#24#102,200,307,327,332
28#1#100,200,300,301,302,303,800,801
28#2#100,200,301,304,305,306,800,802
28#3#100,200,301,307,308,309,800,801
28#4#101,200,304,310,311
28#5#100,200,304,306,312,313,800,802
28#6#102,200,304,310,314
28#7#100,200,301,304,305,306,800,802
28#8#101,200,304,311,315
28#9#100,200,304,306,312,313,800,802
28#10#101,200,300,316,317
28#11#102,200,304,314,315
28#12#101,200,300,317,318
28#13#101,200,307,321,322
28#14#100,200,300,313,319,320,800,801
28#15#101,200,307,322,323
28#16#100,200,307,324,325,326,800,801
28#17#101,202,307,327,328
28#18#100,200,307,329,330,331,800,801
28#19#102,200,300,314,316
28#20#100,200,301,304,330,333,802,804
28#21#102,200,300,314,318
28#22#102,200,307,321,332
28#23#102,200,307,323,332
28#24#101,200,304,321,332
28#25#100,200,304,313,333,334,802,803
28#26#102,200,307,327,332
28#27#102,200,304,314,321
28#28#100,200,301,304,330,333,802,804
28#29#101,200,304,323,332
28#30#100,203,304,313,333,334,802,803
29#1#100,200,300,301,302,303,800,801
29#2#100,200,301,304,305,306,800,802
29#3#100,200,301,307,308,309,800,801
29#4#101,200,304,310,311
29#5#100,200,304,306,312,313,800,802
29#6#102,201,304,310,314
29#7#100,200,301,304,305,306,800,802
29#8#101,200,304,311,315
29#9#100,200,304,306,312,313,800,802
29#10#101,200,300,316,317
29#11#102,200,304,314,315
29#12#101,200,300,317,318
29#13#101,201,307,321,322
29#14#100,200,300,313,319,320,800,801
29#15#101,201,307,322,323
29#16#100,200,307,324,325,326,800,801
29#17#101,200,307,327,328
29#18#100,200,307,329,330,331,800,801
29#19#102,200,307,321,332
29#20#102,200,300,314,316
29#21#100,203,301,304,330,333,802,803
29#22#102,202,307,323,332
29#23#102,200,300,314,318
29#24#102,200,307,327,332
30#1#100,200,300,301,302,303,800,801
30#2#100,200,301,304,305,306,800,802
30#3#100,200,301,307,308,309,800,801
30#4#101,200,304,310,311
30#5#100,200,304,306,312,313,800,802
30#6#102,200,304,310,314
30#7#100,200,301,304,305,306,800,802
30#8#101,200,304,311,315
30#9#100,200,304,306,312,313,800,802
30#10#101,200,300,316,317
30#11#102,200,304,314,315
30#12#101,200,300,317,318
30#13#101,200,307,321,322
30#14#100,200,300,313,319,320,800,801
30#15#101,200,307,322,323
30#16#100,202,307,324,325,326,800,801
30#17#102,202,300,314,316
30#18#100,203,301,304,330,333,802,803
30#19#101,200,307,327,328
30#20#100,200,307,329,330,331,801,803
30#21#102,200,300,314,318
30#22#102,200,307,321,332
30#23#102,200,307,323,332
30#24#102,200,307,327,332
31#1#100,200,300,301,302,303,800,801
31#2#100,200,301,304,305,306,800,802
31#3#100,200,301,307,308,309,800,801
31#4#101,200,304,310,311
31#5#100,200,304,306,312,313,800,802
31#6#102,200,304,310,314
31#7#100,201,301,304,305,306,800,802
31#8#101,200,304,311,315
31#9#100,200,304,306,312,313,800,802
31#10#101,200,300,316,317
31#11#102,200,304,314,315
31#12#101,200,300,317,318
31#13#101,200,307,321,322
31#14#100,200,300,313,319,320,800,801
31#15#101,201,307,322,323
31#16#100,201,307,324,325,326,800,801
31#17#101,200,307,327,328
31#18#100,200,307,329,330,331,800,801
31#19#102,200,307,321,332
31#20#102,201,300,314,316
31#21#100,203,301,304,330,333,802,804
31#22#102,200,307,323,332
31#23#102,200,300,314,318
31#24#102,200,307,327,332
32#1#100,200,300,301,302,303,800,801
32#2#100,200,301,304,305,306,800,802
32#3#100,200,301,307,308,309,800,801
32#4#101,200,304,310,311
32#5#100,200,304,306,312,313,800,802
32#6#102,200,304,310,314
32#7#100,200,301,304,305,306,800,802
32#8#101,200,304,311,315
32#9#100,200,304,306,312,313,800,802
32#10#101,200,300,316,317
32#11#102,200,304,314,315
32#12#101,200,300,317,318
32#13#101,201,307,321,322
32#14#100,200,300,313,319,320,800,801
32#15#101,201,307,322,323
32#16#100,201,307,324,325,326,800,801
32#17#101,200,307,327,328
32#18#100,200,307,329,330,331,800,801
32#19#102,200,307,321,332
32#20#102,200,300,314,316
32#21#100,200,301,304,330,333,802,803
32#22#102,200,307,323,332
32#23#101,200,304,321,332
32#24#102,200,300,314,318
32#25#102,200,307,327,332
32#26#100,203,304,313,333,334,802,803
33#1#100,200,300,301,302,303,800,801
33#2#100,200,301,304,305,306,800,802
33#3#100,201,301,307,308,309,800,801
33#4#101,200,304,310,311
33#5#100,200,304,306,312,313,800,802
33#6#102,200,304,310,314
33#7#100,200,301,304,305,306,800,802
33#8#101,200,304,311,315
33#9#100,200,304,306,312,313,800,802
33#10#101,200,300,316,317
33#11#102,200,304,314,315
33#12#101,200,300,317,318
33#13#100,201,300,313,319,320,800,801
33#14#101,200,307,321,322
33#15#101,200,307,322,323
33#16#100,200,307,324,325,326,800,801
33#17#101,200,307,327,328
33#18#100,200,307,329,330,331,800,801
33#19#102,202,307,321,332
33#20#100,200,301,304,330,333,802,803
33#21#102,200,300,314,316
33#22#102,200,300,314,318
33#23#102,200,307,323,332
33#24#101,201,304,321,332
33#25#102,200,307,327,332
33#26#100,201,304,313,333,334,802,803
33#27#102,200,304,314,321
33#28#100,203,301,304,330,333,802,804
34#1#100,200,300,301,302,303,800,801
34#2#100,200,301,304,305,306,800,802
34#3#100,200,301,307,308,309,800,801
34#4#101,200,304,310,311
34#5#100,200,304,306,312,313,800,802
34#6#102,200,304,310,314
34#7#100,200,301,304,305,306,800,802
34#8#101,200,304,311,315
34#9#100,200,304,306,312,313,800,802
34#10#101,200,300,316,317
34#11#102,200,304,314,315
34#12#101,200,300,317,318
34#13#101,200,307,321,322
34#14#100,200,300,313,319,320,800,801
34#15#101,200,307,322,323
34#16#100,200,307,324,325,326,800,801
34#17#101,200,307,327,328
34#18#100,200,307,329,330,331,800,801
34#19#102,200,307,321,332
34#20#102,200,300,314,316
34#21#102,202,307,323,332
34#22#100,200,301,304,330,333,802,804
34#23#101,200,304,321,332
34#24#102,200,300,314,318
34#25#100,200,304,313,333,334,802,803
34#26#102,200,304,314,321
34#27#100,203,301,304,330,333,802,804
34#28#102,200,307,327,332
35#1#100,200,300,301,302,303,800,801
35#2#100,200,301,304,305,306,800,802
35#3#100,200,301,307,308,309,800,801
35#4#101,200,304,310,311
35#5#100,200,304,306,312,313,800,802
35#6#102,200,304,310,314
35#7#100,200,301,304,305,306,800,802
35#8#101,201,304,311,315
35#9#100,200,304,306,312,313,800,802
35#10#101,200,300,316,317
35#11#102,200,304,314,315
35#12#101,200,300,317,318
35#13#101,200,307,321,322
35#14#100,200,300,313,319,320,800,801
35#15#101,201,307,322,323
35#16#100,200,307,324,325,326,800,801
35#17#101,200,307,327,328
35#18#100,200,307,329,330,331,800,801
35#19#102,200,307,321,332
35#20#102,201,300,314,316
35#21#100,200,301,304,330,333,802,804
35#22#102,200,307,323,332
35#23#101,200,304,321,332
35#24#102,200,300,314,318
35#25#102,200,307,327,332
35#26#100,200,304,313,333,334,802,803
35#27#102,200,304,314,321
35#28#100,203,301,304,330,333,802,804
36#1#100,201,300,301,302,303,800,801
36#2#100,200,301,304,305,306,800,802
36#3#100,200,301,307,308,309,800,801
36#4#101,200,304,310,311
36#5#100,200,304,306,312,313,800,802
36#6#102,200,304,310,314
36#7#100,200,301,304,305,306,800,802
36#8#101,201,304,311,315
36#9#100,200,304,306,312,313,800,802
36#10#101,200,300,316,317
36#11#102,200,304,314,315
36#12#101,200,300,317,318
36#13#101,200,307,321,322
36#14#100,200,300,313,319,320,800,801
36#15#101,200,307,322,323
36#16#100,200,307,324,325,326,800,801
36#17#101,200,307,327,328
36#18#100,200,307,329,330,331,800,801
36#19#102,200,307,321,332
36#20#102,200,307,323,332
36#21#100,203,301,304,330,333,802,803
36#22#102,200,300,314,316
36#23#102,200,307,327,332
36#24#102,201,300,314,318
37#1#100,200,300,301,302,303,800,801
37#2#100,200,301,304,305,306,800,802
37#3#100,200,301,307,308,309,800,801
37#4#101,200,304,310,311
37#5#100,200,304,306,312,313,800,802
37#6#102,200,304,310,314
37#7#100,200,301,304,305,306,800,802
37#8#101,200,304,311,315
